#最大Miese应力(MPa)   最大Miese应变  密度kg/m^3  弹模GPa  转速r/min 
4.40762000e+02 5.57527255e-03 8.430250709897518391e+03 1.374196556858788085e+02 1.515123457687749033e+04 
4.12436000e+02 3.82996503e-03 6.885633518268080479e+03 1.714935233040832827e+02 1.554281352424591023e+04 
4.06987000e+02 5.26111954e-03 7.042461236213308439e+03 1.344667285652718647e+02 1.593439247161433195e+04 
5.19653000e+02 5.54298330e-03 8.551855076568248478e+03 1.629616126882521598e+02 1.632597141898275368e+04 
4.85649000e+02 4.69295317e-03 7.406054570899659666e+03 1.746067257568703610e+02 1.671755036635117358e+04 
5.16834000e+02 4.83722353e-03 7.579528255110186365e+03 1.816804099673966562e+02 1.710912931371959712e+04 
5.17563000e+02 4.47106028e-03 7.105495802093119892e+03 1.927145759356621966e+02 1.750070826108801703e+04 
5.78868000e+02 5.81641372e-03 7.926475623531238853e+03 1.729968094293936645e+02 1.789228720845643693e+04 
5.88609000e+02 6.13701621e-03 7.717454263310550232e+03 1.667158891712197430e+02 1.828386615582485683e+04 
6.58249000e+02 8.44576232e-03 8.273422991952291341e+03 1.354529471410695578e+02 1.867544510319328037e+04 
7.03219000e+02 7.91327181e-03 8.474843763841223335e+03 1.544524347365879748e+02 1.906702405056170028e+04 
5.79670000e+02 7.40141689e-03 6.712159834057554690e+03 1.361251022514516933e+02 1.945860299793012018e+04 
7.90692000e+02 9.20287074e-03 8.793844044583871437e+03 1.493120226193117333e+02 1.985018194529854372e+04 
6.41588000e+02 7.02035502e-03 6.861331940166602180e+03 1.588494410083410457e+02 2.024176089266696363e+04 
7.52968000e+02 9.39766927e-03 7.753001939320713063e+03 1.392383047042387716e+02 2.063333984003538353e+04 
7.54561000e+02 9.50167435e-03 7.483122684412957824e+03 1.380035706705350265e+02 2.102491878740380344e+04 
9.91133000e+02 1.27491741e-02 9.487738781425974594e+03 1.350521861871498288e+02 2.141649773477222698e+04 
1.04620000e+03 1.32589442e-02 9.661212465636501292e+03 1.370665917878711468e+02 2.180807668214064688e+04 
1.10305000e+03 1.39525086e-02 9.834686149847027991e+03 1.373209046097263695e+02 2.219965562950907042e+04 
4.44039000e+02 4.92837955e-03 7.949579206045977116e+03 1.540386021526047102e+02 1.553377519921998282e+04 
4.37494000e+02 5.20683415e-03 7.555226677008708066e+03 1.456627125029393142e+02 1.592535414658840455e+04 
4.35319000e+02 4.27446383e-03 6.802978152029902049e+03 1.675330415463440374e+02 1.631693309395682627e+04 
4.59751000e+02 5.66116960e-03 7.228576811516357338e+03 1.411652304820252368e+02 1.670851204132524799e+04 
4.91974000e+02 5.83247956e-03 7.381752992798181367e+03 1.466224139131019228e+02 1.710009098869366790e+04 
5.28506000e+02 6.19015551e-03 7.575524179937409826e+03 1.484061739925986103e+02 1.749166993606208780e+04 
6.03340000e+02 7.30352322e-03 8.269418916779515712e+03 1.435841611266791062e+02 1.788324888343051134e+04 
6.03667000e+02 6.99615965e-03 7.922471548358462314e+03 1.499769679784266998e+02 1.827482783079893125e+04 
6.47219000e+02 5.98086822e-03 8.138134236925398000e+03 1.881048177660971987e+02 1.866640677816735115e+04 
6.04753000e+02 7.56243714e-03 7.298984361676929439e+03 1.389897892463326912e+02 1.905798572553577105e+04 
7.62797000e+02 9.63150045e-03 8.840232644198382332e+03 1.376283883767621035e+02 1.944956467290419459e+04 
6.82873000e+02 8.39729470e-03 7.602631837624924628e+03 1.413324897820722867e+02 1.984114362027261450e+04 
6.67450000e+02 7.64333769e-03 7.144409232287022860e+03 1.517757567978147222e+02 2.023272256764103804e+04 
8.69624000e+02 1.03859046e-02 8.963313653621620688e+03 1.454948365396408008e+02 2.062430151500945794e+04 
8.16604000e+02 8.87410951e-03 8.099949307741764642e+03 1.599225489351012186e+02 2.101588046237787785e+04 
9.72389000e+02 8.81818846e-03 9.289963519113971415e+03 1.916416598713603321e+02 2.140745940974630139e+04 
9.28937000e+02 9.58938915e-03 8.564044168075070047e+03 1.683420558635212103e+02 2.179903835711472129e+04 
8.85933000e+02 1.10038429e-02 7.890927947521076931e+03 1.398912337315520915e+02 2.219061730448314120e+04 
5.12820000e+02 6.33968986e-03 9.810384571745549692e+03 1.406034338931343086e+02 1.514219625185156292e+04 
3.85332000e+02 4.41075227e-03 6.595272877249048179e+03 1.450772548810613216e+02 1.567054570017765400e+04 
4.05837000e+02 4.83276829e-03 6.768746561459573968e+03 1.429032837679003762e+02 1.606212464754607572e+04 
4.28050000e+02 5.25527173e-03 6.942220245670100667e+03 1.415404127757981598e+02 1.645370359491449562e+04 
4.72866000e+02 4.72238824e-03 7.115693929880626456e+03 1.692512346332472362e+02 1.684528254228291553e+04 
6.09450000e+02 7.08093423e-03 8.990421311309135490e+03 1.496003155621221765e+02 1.723686148965133907e+04 
5.35613000e+02 5.01055009e-03 7.462641298301679853e+03 1.833986030542998549e+02 1.762844043701975897e+04 
5.65601000e+02 6.02497671e-03 7.636114982512205643e+03 1.631790470659565813e+02 1.802001938438817888e+04 
6.75228000e+02 5.96115443e-03 8.725328760778775177e+03 1.968945399997458594e+02 1.841159833175660242e+04 
6.72325000e+02 5.85291877e-03 8.330009719354311528e+03 1.996750454920492643e+02 1.880317727912502232e+04 
7.82543000e+02 9.57950416e-03 9.310261022042672266e+03 1.419579944343776390e+02 1.919475622649344223e+04 
6.20012000e+02 6.16134897e-03 7.082210784993345442e+03 1.749171507552071603e+02 1.958633517386186577e+04 
7.58300000e+02 7.24952067e-03 8.319811591566804054e+03 1.818085469257950990e+02 1.997791412123028567e+04 
8.22127000e+02 8.12990116e-03 8.676957087775363107e+03 1.757551238522720496e+02 2.036949306859870558e+04 
8.69974000e+02 1.05878112e-02 8.850430771985889805e+03 1.427751468095019334e+02 2.076107201596712548e+04 
9.20350000e+02 1.14738210e-02 9.023904456196416504e+03 1.393664416626372144e+02 2.115265096333554902e+04 
9.73020000e+02 1.17865333e-02 9.197378140406941384e+03 1.434280758368152533e+02 2.154422991070396893e+04 
8.81255000e+02 1.07738798e-02 8.031434023936668382e+03 1.421258703976761524e+02 2.193580885807239247e+04 
4.83999000e+02 5.18426712e-03 9.544325508827994781e+03 1.616077554312194309e+02 1.488738780544081237e+04 
4.86902000e+02 5.93815008e-03 9.151421557114381358e+03 1.425266313515958529e+02 1.527896675280923228e+04 
5.76391000e+02 6.79414471e-03 9.452191105415813581e+03 1.474603870101668122e+02 1.634996664719099681e+04 
4.41681000e+02 5.19146015e-03 6.896263662377539731e+03 1.473787505260616513e+02 1.674154559455941853e+04 
4.95727000e+02 4.84540404e-03 7.255684469203872140e+03 1.740699173561538373e+02 1.713312454192783844e+04 
4.96842000e+02 6.26730870e-03 7.097292131662240536e+03 1.377956476768091250e+02 1.752470348929626198e+04 
5.42925000e+02 6.47375657e-03 7.416684715009118008e+03 1.457751805140485999e+02 1.791628243666468188e+04 
5.80308000e+02 5.43714848e-03 7.590158399219644707e+03 1.855276770709966456e+02 1.830786138403310179e+04 
6.19446000e+02 7.01946956e-03 7.763632083430171406e+03 1.533856731252914187e+02 1.869944033140152169e+04 
6.60339000e+02 6.04435778e-03 7.937105767640697195e+03 1.899024922733246967e+02 1.909101927876994159e+04 
7.02741000e+02 7.57387435e-03 8.110579451851222984e+03 1.612683716529949152e+02 1.948259822613836513e+04 
6.67390000e+02 6.76886720e-03 7.402050495726883128e+03 1.713803086499439985e+02 1.987417717350678504e+04 
7.93330000e+02 7.36815291e-03 8.457526820272276382e+03 1.871441778504462832e+02 2.026575612087520858e+04 
6.83391000e+02 8.09438222e-03 7.018006617241614549e+03 1.467356285672411786e+02 2.065733506824362848e+04 
7.89139000e+02 7.65003792e-03 7.799390538935224868e+03 1.792919659575352114e+02 2.104891401561204839e+04 
9.41500000e+02 1.05220897e-02 8.977947872903854659e+03 1.554798582031249339e+02 2.144049296298046829e+04 
9.50944000e+02 1.02709967e-02 8.743802665007042378e+03 1.608829969882937974e+02 2.183207191034889183e+04 
1.01906000e+03 1.19602028e-02 9.052619758602811999e+03 1.480301820016682939e+02 2.222365085771731538e+04 
4.08295000e+02 5.00631370e-03 7.696675747022438372e+03 1.400473190214159445e+02 1.517522980508573346e+04 
5.37006000e+02 6.35132976e-03 9.717799193038521480e+03 1.469649179420784151e+02 1.556680875245415518e+04 
4.72830000e+02 3.85573317e-03 7.491356600708075348e+03 1.955792629305432229e+02 1.595838769982257509e+04 
5.69802000e+02 6.43933548e-03 9.140791413004923015e+03 1.538093127777674738e+02 1.653097393285237195e+04 
5.41009000e+02 6.23120813e-03 8.284053136061749683e+03 1.509155926313248131e+02 1.692255288022079185e+04 
5.95401000e+02 6.96364270e-03 8.705672390181760420e+03 1.486140969863244834e+02 1.731413182758921175e+04 
5.72354000e+02 6.36621537e-03 8.003543737044537011e+03 1.562732388187287711e+02 1.770571077495763529e+04 
5.46964000e+02 5.57896199e-03 7.323399204661480326e+03 1.704206072397814182e+02 1.809728972232605520e+04 
5.70571000e+02 7.06424480e-03 7.317882916497548649e+03 1.403867027996404886e+02 1.848886866969447874e+04 
6.64134000e+02 8.33864892e-03 8.166352782729561113e+03 1.384211523291144772e+02 1.888044761706289864e+04 
7.06907000e+02 8.18200461e-03 8.339826466940086902e+03 1.501592560183650562e+02 1.927202656443131855e+04 
7.07203000e+02 8.89292223e-03 8.017293941503586211e+03 1.382037179514100558e+02 1.966360551179973845e+04 
7.54497000e+02 8.06704187e-03 8.217096799654016650e+03 1.625535424136512290e+02 2.005518445916816199e+04 
8.66649000e+02 9.73194316e-03 9.084465220706648324e+03 1.547508023141869273e+02 2.044676340653658190e+04 
7.29449000e+02 6.49632779e-03 7.356013191322832427e+03 1.951785019766234939e+02 2.083834235390500544e+04 
6.94876000e+02 8.89907499e-03 6.758548433672067404e+03 1.357014625989756098e+02 2.122992130127342534e+04 
9.98911000e+02 9.86438321e-03 9.360653696829962428e+03 1.759718549457658696e+02 2.162150024864184525e+04 
1.04336000e+03 1.20317905e-02 9.446638196188983784e+03 1.506578453372054298e+02 2.201307919601026515e+04 
4.71018000e+02 5.40193490e-03 9.231609730977270374e+03 1.515670241069314557e+02 1.496465814337868687e+04 
3.82391000e+02 4.19638476e-03 6.722789978167013032e+03 1.491995546082024475e+02 1.535623709074710860e+04 
5.47563000e+02 5.05353085e-03 9.578557099398323771e+03 1.862840136839564025e+02 1.574781603811552850e+04 
4.38547000e+02 4.96909955e-03 7.289167614091153155e+03 1.512139602089237655e+02 1.613939498548395022e+04 
4.38539000e+02 4.82557628e-03 6.623988179655443673e+03 1.545340712206931357e+02 1.686744170552265496e+04 
6.45429000e+02 8.24736467e-03 9.498368925535434755e+03 1.360118875973124375e+02 1.725902065289107486e+04 
4.93639000e+02 5.63960491e-03 6.952036993255876951e+03 1.521509390915876452e+02 1.765059960025949840e+04 
6.39831000e+02 8.18683506e-03 8.616366285200567290e+03 1.358295995573740527e+02 1.804217854762791831e+04 
5.39538000e+02 5.93615152e-03 6.962701631781378637e+03 1.579892768418511366e+02 1.843375749499633821e+04 
6.04250000e+02 6.53299258e-03 7.472458045887456137e+03 1.607697823341545416e+02 1.882533644236475811e+04 
6.44307000e+02 7.52522854e-03 7.645931730097981927e+03 1.488142442671995411e+02 1.921691538973318166e+04 
6.31455000e+02 7.19378466e-03 7.197033210678971045e+03 1.525685207501671243e+02 1.960849433710160156e+04 
7.62877000e+02 6.84731334e-03 8.350491105465589499e+03 1.936560654720816501e+02 2.000007328447002510e+04 
7.65162000e+02 9.08840644e-03 8.064401631731602720e+03 1.463119889147650952e+02 2.039165223183844500e+04 
8.18611000e+02 7.20631775e-03 8.296526574467030514e+03 1.974472203992000345e+02 2.078323117920686491e+04 
9.92571000e+02 1.00824193e-02 9.699397394820134650e+03 1.710698836516071992e+02 2.117481012657528481e+04 
9.21770000e+02 1.03128828e-02 8.686773835361140300e+03 1.553125989030778840e+02 2.156638907394370835e+04 
9.75042000e+02 9.95201162e-03 8.860247519571665180e+03 1.702527312764829048e+02 2.195796802131212826e+04 
4.31366000e+02 5.07429619e-03 8.446896676162818039e+03 1.464401258731635380e+02 1.490954696868054998e+04 
5.11142000e+02 4.51854955e-03 9.207194887992718577e+03 1.888822311363214226e+02 1.530112591604896988e+04 
5.36532000e+02 6.10604550e-03 9.554142256413771975e+03 1.527363967134656093e+02 1.569270486341739161e+04 
5.53464000e+02 6.89366855e-03 9.380668572203245276e+03 1.395487297025755993e+02 1.608428381078581333e+04 
5.38921000e+02 5.13599081e-03 8.648317448051750034e+03 1.811436015666801609e+02 1.647586275815423505e+04 
5.19010000e+02 6.59212228e-03 7.529486875533359125e+03 1.368498606943773268e+02 1.738775077806265472e+04 
4.98718000e+02 5.01013446e-03 6.835592138691254149e+03 1.708213681937011188e+02 1.777932972543107462e+04 
5.15219000e+02 5.75240654e-03 6.844532933031088760e+03 1.556877811968508070e+02 1.817090867279949452e+04 
5.90359000e+02 5.29225946e-03 7.511012971305090105e+03 1.939103782939368728e+02 1.856248762016791807e+04 
5.97568000e+02 5.22773875e-03 7.270765815872767234e+03 1.981298864600086915e+02 1.895406656753633797e+04 
7.80502000e+02 8.65783604e-03 9.136787337832145568e+03 1.566739997726485001e+02 1.934564551490475787e+04 
7.43750000e+02 8.23066118e-03 8.364241309924638699e+03 1.570506521889529949e+02 1.973722446227318142e+04 
8.89018000e+02 9.11716986e-03 9.611171086059675872e+03 1.694599673241305027e+02 2.012880340964160132e+04 
7.58372000e+02 6.57421941e-03 7.885375038294246224e+03 2.005130185891141537e+02 2.052038235701002122e+04 
7.07297000e+02 8.20344273e-03 7.087054290157013384e+03 1.498488310200282569e+02 2.091196130437844113e+04 
7.44232000e+02 7.71512921e-03 7.182539507112306637e+03 1.676611785047424803e+02 2.130354025174686467e+04 
7.77037000e+02 8.58265148e-03 7.232580886689133877e+03 1.573461548830306356e+02 2.169511919911528457e+04 
7.45489000e+02 8.40257450e-03 6.695513867792255951e+03 1.541946874424685916e+02 2.208669814648370811e+04 
4.93011000e+02 4.04502232e-03 8.917276349217569077e+03 1.971929075773448403e+02 1.503827709385212802e+04 
4.25222000e+02 4.49957214e-03 7.538427669873193736e+03 1.577315295477317534e+02 1.542985604122054792e+04 
4.89397000e+02 5.36246022e-03 8.579269775136352109e+03 1.586407083174577508e+02 1.582143498858896965e+04 
5.81826000e+02 5.10234190e-03 9.620111880399510483e+03 1.964807074157625948e+02 1.621301393595739137e+04 
6.07532000e+02 5.70172469e-03 9.657208390463725664e+03 1.852172520726598179e+02 1.660459288332581127e+04 
6.45089000e+02 5.62460938e-03 9.784644770270200752e+03 1.993646204937124367e+02 1.699617183069423481e+04 
4.75868000e+02 5.04930415e-03 6.615754263360326149e+03 1.620787993465684735e+02 1.767467269207677236e+04 
5.16948000e+02 4.80964963e-03 6.789227947570852848e+03 1.824894242845738574e+02 1.806625163944519227e+04 
6.08603000e+02 7.33879672e-03 7.830070052834011221e+03 1.441402759983974704e+02 1.845783058681361581e+04 
5.78415000e+02 6.11915275e-03 7.136175315991905336e+03 1.643066244394177033e+02 1.884940953418203571e+04 
6.37418000e+02 6.65447333e-03 7.543980579100023533e+03 1.664984547935153216e+02 1.924098848155045562e+04 
8.24431000e+02 8.98706715e-03 9.370851824617469902e+03 1.594247705829889981e+02 1.963256742891887552e+04 
6.51878000e+02 7.96537006e-03 7.125510677466403649e+03 1.422383384087854381e+02 2.002414637628729906e+04 
7.66025000e+02 8.00595184e-03 8.049907928164938312e+03 1.662983075126402639e+02 2.041572532365571897e+04 
8.02931000e+02 9.41277775e-03 8.127896395420170848e+03 1.482389146925515604e+02 2.080730427102414251e+04 
7.08605000e+02 8.05740382e-03 6.908737100782819653e+03 1.528488647245748950e+02 2.119888321839256241e+04 
8.93228000e+02 9.79052950e-03 8.396855296585990800e+03 1.585419572413053118e+02 2.159046216576098232e+04 
9.21097000e+02 1.08785416e-02 8.358725021760707023e+03 1.471210032319422680e+02 2.198204111312940222e+04 
4.17377000e+02 4.67831119e-03 7.983062350933258131e+03 1.505017600473415769e+02 1.493362006049782394e+04 
5.35749000e+02 4.76607848e-03 9.752030783608848651e+03 1.903735361886737110e+02 1.532519900786624567e+04 
5.32875000e+02 4.42797225e-03 9.044385842307694475e+03 1.997882601461885201e+02 1.571677795523466557e+04 
5.61296000e+02 6.01602283e-03 9.483734706253198965e+03 1.621775504227209126e+02 1.610835690260308729e+04 
5.84212000e+02 5.24982984e-03 9.391333210728746053e+03 1.930999506003633144e+02 1.649993584997150901e+04 
6.33443000e+02 5.99696682e-03 9.727615940624298673e+03 1.836073357451831498e+02 1.689151479733992892e+04 
5.87372000e+02 7.24785399e-03 8.620370360373344738e+03 1.408577467149895313e+02 1.728309374470834882e+04 
6.72438000e+02 5.96887158e-03 8.711188678345690278e+03 1.958277783884493033e+02 1.838857828602266454e+04 
5.67439000e+02 5.19087103e-03 7.023559526468445256e+03 1.891777338303990632e+02 1.878015723339108808e+04 
6.00801000e+02 5.83588911e-03 7.164065602884037617e+03 1.789525821793106957e+02 1.917173618075950799e+04 
6.10283000e+02 7.84738017e-03 6.990591918673510918e+03 1.351646541982591145e+02 1.956331512812792789e+04 
6.77241000e+02 7.79537724e-03 7.452443170514172380e+03 1.509972291154299739e+02 1.995489407549634780e+04 
6.95984000e+02 7.44947987e-03 7.364953985662667037e+03 1.623862831136041791e+02 2.034647302286477134e+04 
8.64382000e+02 9.08426315e-03 8.804474188693329779e+03 1.653613286299764127e+02 2.073805197023319124e+04 
8.21646000e+02 8.04047340e-03 8.058848722504772013e+03 1.776067594614169991e+02 2.112963091760161115e+04 
8.61297000e+02 9.10362498e-03 8.146337907356277356e+03 1.644198390935569591e+02 2.152120986497003469e+04 
9.95926000e+02 1.05683284e-02 9.090750033428095776e+03 1.637476839831747952e+02 2.191278881233845459e+04 
8.32721000e+02 9.96050807e-03 7.337539287094563406e+03 1.452774021619363793e+02 2.230436775970687449e+04 
4.59531000e+02 5.55002450e-03 8.666758959987855633e+03 1.439235449049036504e+02 1.525594670707529622e+04 
4.33789000e+02 4.31139736e-03 7.389408604634361836e+03 1.659231252188673409e+02 1.564752565444371794e+04 
5.28696000e+02 5.60388334e-03 9.013706328408909030e+03 1.639961994410808757e+02 1.603910460181213784e+04 
5.11483000e+02 5.39485212e-03 8.311607921135924698e+03 1.648052137582580485e+02 1.643068354918056139e+04 
6.00341000e+02 6.41133262e-03 9.297619130950151884e+03 1.627614654073771021e+02 1.682226249654898129e+04 
6.44699000e+02 7.35509680e-03 9.534127381040489126e+03 1.523510863724627029e+02 1.721384144391740119e+04 
6.85537000e+02 7.23691653e-03 9.689159553314908408e+03 1.646491284683941956e+02 1.760542039128582110e+04 
7.30224000e+02 8.86914558e-03 9.881074749461540705e+03 1.430855718078387611e+02 1.799699933865424464e+04 
5.27150000e+02 4.97647449e-03 6.643644550252458430e+03 1.814318945094905757e+02 1.852078681693420367e+04 
5.56114000e+02 5.72341150e-03 6.817118234462985129e+03 1.688981707352395460e+02 1.891236576430262357e+04 
6.18970000e+02 6.69969747e-03 7.278969486303645681e+03 1.605874942942161567e+02 1.930394471167104348e+04 
5.90094000e+02 5.16154578e-03 6.629504467819375350e+03 1.975459714753524736e+02 1.969552365903946702e+04 
8.20882000e+02 8.54304025e-03 8.910991536496123445e+03 1.669962331456275422e+02 2.008710260640788692e+04 
7.28562000e+02 6.54951318e-03 7.607475342788592570e+03 1.933576978944826976e+02 2.047868155377631047e+04 
7.64463000e+02 6.82150894e-03 7.684486655515616803e+03 1.947931916356205875e+02 2.087026050114473037e+04 
8.78155000e+02 7.78897178e-03 8.503483403564838227e+03 1.959559153468477462e+02 2.126183944851315027e+04 
1.01939000e+03 1.01828922e-02 9.525923710609607951e+03 1.739574493450445516e+02 2.165341839588157018e+04 
9.09931000e+02 9.90477018e-03 8.204907708147195081e+03 1.596422049606934195e+02 2.204499734324999372e+04 
4.64437000e+02 4.66121494e-03 8.789839969411093989e+03 1.678434665446808367e+02 1.499657629061841362e+04 
4.83361000e+02 4.81511406e-03 8.758296368573708605e+03 1.705330752508907040e+02 1.538815523798683535e+04 
4.46683000e+02 3.97727414e-03 7.309649000202432035e+03 1.808632575922723618e+02 1.577973418535525525e+04 
5.56165000e+02 5.69934848e-03 9.324895241324908056e+03 1.696272266241775526e+02 1.617131313272367697e+04 
5.67642000e+02 7.11913232e-03 9.072276129199826755e+03 1.385890282924129906e+02 1.656289208009209688e+04 
5.02182000e+02 5.39431953e-03 7.664830284918602047e+03 1.618244865247132509e+02 1.695447102746051678e+04 
6.78106000e+02 7.06268729e-03 9.872871079030661349e+03 1.668837651345182564e+02 1.734604997482894032e+04 
6.89059000e+02 6.50295657e-03 9.592697181831405032e+03 1.841826653198311021e+02 1.773762892219736023e+04 
6.29364000e+02 6.46737512e-03 8.390570483864543348e+03 1.691524835570947971e+02 1.812920786956578377e+04 
5.47732000e+02 5.82468699e-03 6.671059248820562061e+03 1.634593910403643804e+02 1.897424845767237275e+04 
5.91558000e+02 5.97358716e-03 6.913580605946486685e+03 1.721366452629037553e+02 1.936582740504079266e+04 
7.69263000e+02 7.87244892e-03 8.631000504482803080e+03 1.698351496179034257e+02 1.975740635240921256e+04 
7.24809000e+02 7.30598314e-03 7.819405414308508625e+03 1.724350128405027078e+02 2.014898529977763610e+04 
7.34581000e+02 7.60173197e-03 7.625916854724699078e+03 1.679566811988201209e+02 2.054056424714605600e+04 
8.44513000e+02 8.86196119e-03 8.442892600990042411e+03 1.656156414518316353e+02 2.093214319451447955e+04 
8.00677000e+02 8.12853657e-03 7.711901354083720435e+03 1.711980206100056421e+02 2.132372214188289945e+04 
8.43381000e+02 9.67597934e-03 7.838303969129127836e+03 1.514682730307789882e+02 2.171530108925131935e+04 
8.89722000e+02 8.77434065e-03 7.972864223145750657e+03 1.762261677676210923e+02 2.210688003661973926e+04 
4.31518000e+02 4.18202970e-03 7.870149431232964162e+03 1.686814396417457544e+02 1.505845898398816280e+04 
5.35826000e+02 5.32148920e-03 9.845316293956486334e+03 1.750303654093464161e+02 1.545003793135658270e+04 
5.30126000e+02 5.86065502e-03 9.264223717638622475e+03 1.572329402288913798e+02 1.584161687872500443e+04 
5.32992000e+02 4.99864298e-03 8.752743459346878808e+03 1.828288080627983732e+02 1.623319582609342615e+04 
5.62652000e+02 7.16398916e-03 8.926217143557403688e+03 1.365104769161528111e+02 1.662477477346184605e+04 
6.01201000e+02 6.08004529e-03 9.099690827767930386e+03 1.718788979687843721e+02 1.701635372083026596e+04 
6.26439000e+02 6.30187441e-03 9.058136046766743675e+03 1.727880767385103979e+02 1.740793266819868950e+04 
5.69192000e+02 6.90886622e-03 7.876434243954411613e+03 1.431987864619780169e+02 1.779951161556710940e+04 
7.25622000e+02 7.61065016e-03 9.604886273338228420e+03 1.657143925279840744e+02 1.819109056293552931e+04 
7.72130000e+02 8.02214323e-03 9.793585564610035362e+03 1.672845260884379570e+02 1.858266951030395285e+04 
8.34203000e+02 1.00178310e-02 9.738280579149799451e+03 1.447020725872883986e+02 1.937836188460620906e+04 
6.10888000e+02 5.53781499e-03 6.850085842257918557e+03 1.917541278824696178e+02 1.976994083197463260e+04 
6.95742000e+02 6.83585588e-03 7.496872888872007024e+03 1.769088338284297492e+02 2.016151977934305251e+04 
6.80605000e+02 7.57789544e-03 7.059107202478607178e+03 1.561053628554302577e+02 2.055309872671147605e+04 
9.26222000e+02 8.83941929e-03 9.245749813410353454e+03 1.821040496198727396e+02 2.094467767407989595e+04 
8.94275000e+02 8.95395573e-03 8.603724394108045090e+03 1.735721390040416452e+02 2.133625662144831585e+04 
8.40265000e+02 7.32101702e-03 7.791186868504346421e+03 1.994927574521108795e+02 2.172783556881673576e+04 
9.94332000e+02 9.10345340e-03 8.898802444989300056e+03 1.898208557892195358e+02 2.211941451618515930e+04 
3.91066000e+02 3.38865350e-03 6.687858255956076391e+03 1.767009108347038762e+02 1.507099346355357920e+04 
4.67982000e+02 4.46979601e-03 8.237875315942128509e+03 1.743582102989642806e+02 1.546257241092200093e+04 
4.81831000e+02 6.03836124e-03 8.411349000152655208e+03 1.387014963035222763e+02 1.585415135829042265e+04 
5.16557000e+02 6.65655950e-03 8.584822684363181907e+03 1.348843102238513154e+02 1.624573030565884255e+04 
5.40931000e+02 5.45987972e-03 8.570328980796517499e+03 1.722182817470089162e+02 1.663730925302726246e+04 
5.18569000e+02 5.70254571e-03 7.843820257293059512e+03 1.580709133259562691e+02 1.702888820039568600e+04 
6.30624000e+02 6.24896107e-03 9.105243736994760184e+03 1.754157400740475339e+02 1.742046714776410590e+04 
6.72031000e+02 5.90714488e-03 9.278717421205286882e+03 1.977547041662357685e+02 1.781204609513252581e+04 
5.04350000e+02 6.09467375e-03 6.676612158047392768e+03 1.438419084207984895e+02 1.820362504250094935e+04 
7.66205000e+02 8.45080779e-03 9.707601065251014006e+03 1.575754442578678720e+02 1.859520398986936925e+04 
8.06637000e+02 8.09608973e-03 9.799138473836865160e+03 1.731640687294407144e+02 1.898678293723778916e+04 
7.21890000e+02 7.01784361e-03 7.954422711209645058e+03 1.787964968894468143e+02 1.993637608156256829e+04 
6.53072000e+02 6.15055677e-03 6.923818447451714746e+03 1.845679756608340369e+02 2.032795502893099183e+04 
7.20487000e+02 6.67853169e-03 7.349728378601384975e+03 1.875193601442192062e+02 2.071953397629941173e+04 
8.69158000e+02 7.91542254e-03 8.537714994135165398e+03 1.908482792557564949e+02 2.111111292366783164e+04 
7.85291000e+02 9.44461194e-03 7.444239500083293024e+03 1.444933398964051321e+02 2.150269187103625154e+04 
8.33657000e+02 8.72317999e-03 7.617713184293819722e+03 1.660903845189143908e+02 2.189427081840467508e+04 
9.35610000e+02 8.88303666e-03 8.249121413850813042e+03 1.830455391562921932e+02 2.228584976577309499e+04 
4.96999000e+02 4.23545950e-03 8.870912158097169595e+03 1.924190732415845559e+02 1.523742871314151671e+04 
4.54001000e+02 5.09976151e-03 8.095945232568989013e+03 1.535138100836898616e+02 1.562900766050993843e+04 
5.38325000e+02 5.25324510e-03 9.187180012619435729e+03 1.778950524042274424e+02 1.602058660787835834e+04 
4.43984000e+02 4.62004090e-03 7.002781010180333396e+03 1.615261189471142984e+02 1.641216555524677824e+04 
6.23211000e+02 6.80325873e-03 9.671842609745959635e+03 1.592246233021139687e+02 1.680374450261520178e+04 
5.95806000e+02 5.75148573e-03 8.832028973767504795e+03 1.800704936399199596e+02 1.719532344998362169e+04 
6.35713000e+02 6.20294641e-03 9.005502657978029674e+03 1.781435678621335228e+02 1.758690239735204159e+04 
6.98331000e+02 7.06838911e-03 9.463437203324496295e+03 1.717228126789205191e+02 1.797848134472046513e+04 
7.20640000e+02 6.96419019e-03 9.352450026399083072e+03 1.798617609490366931e+02 1.837006029208888503e+04 
6.84132000e+02 6.69968830e-03 8.513300151150613601e+03 1.774942914503077134e+02 1.876163923945730494e+04 
6.44977000e+02 6.33006373e-03 7.702960559743885824e+03 1.771089811093047786e+02 1.915321818682572484e+04 
7.33186000e+02 7.22743558e-03 8.405796090925825411e+03 1.763249188437735597e+02 1.954479713419414838e+04 
6.14480000e+02 5.68347545e-03 6.655833641759279999e+03 1.879369418027986853e+02 2.011461681781891821e+04 
8.84789000e+02 9.31532534e-03 9.217859526518221173e+03 1.650629610523774318e+02 2.050619576518733811e+04 
6.86102000e+02 6.82500667e-03 6.881629443095304850e+03 1.747348627152687754e+02 2.089777471255575801e+04 
8.96139000e+02 8.73623294e-03 8.658555289556978096e+03 1.782717048205319657e+02 2.128935365992417792e+04 
7.52351000e+02 7.32781736e-03 7.009065822901779939e+03 1.784539928604703221e+02 2.168093260729260146e+04 
8.37065000e+02 8.05356535e-03 7.523202062811911674e+03 1.806458232145679403e+02 2.207251155466102136e+04 
3.83733000e+02 3.67756477e-03 6.778563309045350252e+03 1.641243363994793185e+02 1.502409050202944309e+04 
4.81775000e+02 4.38437497e-03 8.485081605346451397e+03 1.819908349657334838e+02 1.541566944939786481e+04 
4.93173000e+02 4.62478870e-03 8.378381392357721779e+03 1.792103294734300789e+02 1.580724839676628471e+04 
4.89869000e+02 6.22579857e-03 8.190767625714112000e+03 1.367682242102721943e+02 1.619882734413470644e+04 
6.13389000e+02 5.97100363e-03 9.766170866041931731e+03 1.785672075146095779e+02 1.659040629150312816e+04 
4.65661000e+02 4.26276731e-03 6.708155758884778152e+03 1.795086970510290314e+02 1.698198523887154806e+04 
6.01764000e+02 6.49231232e-03 8.737517852285596746e+03 1.611122863631310338e+02 1.737356418623996797e+04 
6.67599000e+02 8.61560125e-03 9.273164511978457085e+03 1.346668758461468940e+02 1.776514313360839151e+04 
7.39716000e+02 8.29400888e-03 9.830682074674252362e+03 1.550051151360421500e+02 1.815672208097681141e+04 
7.26809000e+02 8.64792134e-03 9.257938904917175023e+03 1.460634734568590147e+02 1.854830102834523132e+04 
7.72594000e+02 8.93499664e-03 9.437697401849149173e+03 1.502724706725043120e+02 1.893987997571365486e+04 
7.83383000e+02 7.46768655e-03 9.178976342188556373e+03 1.823333389947099761e+02 1.933145892308207476e+04 
8.35084000e+02 7.91825859e-03 9.399567127023863577e+03 1.832998519781474158e+02 1.972303787045049830e+04 
6.52602000e+02 6.08685839e-03 6.740106921735960896e+03 1.863656501680615349e+02 2.059576520744623849e+04 
6.69783000e+02 7.25522719e-03 6.662118454480727451e+03 1.604593573358177139e+02 2.098734415481466203e+04 
7.50618000e+02 7.09137056e-03 7.191480301452141248e+03 1.839825180389560728e+02 2.137892310218308194e+04 
7.97847000e+02 7.43238516e-03 7.370506894889497744e+03 1.865823812615553550e+02 2.177050204955150184e+04 
1.00567000e+03 9.46322481e-03 8.967317728794396317e+03 1.846804436719433227e+02 2.216208099691992538e+04 
4.56800000e+02 3.99398612e-03 8.156536035143784829e+03 1.844000996975355235e+02 1.511365994428834529e+04 
4.66194000e+02 3.71275750e-03 7.736355973055414324e+03 1.979219634662828184e+02 1.550523889165676701e+04 
4.77759000e+02 4.65930834e-03 8.043623115443490860e+03 1.726893256623579305e+02 1.589681783902518691e+04 
4.90858000e+02 4.39885824e-03 7.748997864147935616e+03 1.849687366147537659e+02 1.628839678639360864e+04 
5.34682000e+02 4.85887206e-03 8.256777025686993511e+03 1.873114371504933331e+02 1.667997573376202854e+04 
5.63596000e+02 5.26036730e-03 8.470000258677555394e+03 1.860262663898370192e+02 1.707155468113045208e+04 
4.96025000e+02 4.44056497e-03 6.829307325969806698e+03 1.856408917251359014e+02 1.746313362849887199e+04 
6.38524000e+02 7.24731877e-03 8.777198078318571788e+03 1.531371576673853383e+02 1.785471257586729189e+04 
6.80286000e+02 6.74692367e-03 8.950671762529098487e+03 1.752596547841836809e+02 1.824629152323571543e+04 
5.59095000e+02 4.91346742e-03 6.932022117882593193e+03 1.942178620609726067e+02 1.863787047060413533e+04 
7.63002000e+02 7.09453521e-03 9.226093442813338697e+03 1.869354451595630167e+02 1.902944941797255524e+04 
8.16041000e+02 7.05387533e-03 9.471092815160676764e+03 2.010828135806156354e+02 1.942102836534097878e+04 
8.63944000e+02 9.63090214e-03 9.644566499371203463e+03 1.558879284777258363e+02 1.981260731270939868e+04 
9.15196000e+02 8.84792185e-03 9.818040183581730162e+03 1.797630098728842540e+02 2.020418626007781859e+04 
8.61258000e+02 1.07152220e-02 8.493285275777330753e+03 1.396619443567148551e+02 2.108800323289146763e+04 
7.43231000e+02 7.43320480e-03 7.055103127305830640e+03 1.737895733817460382e+02 2.147958218025989117e+04 
8.98544000e+02 8.10844469e-03 8.223381612375464101e+03 1.926013612815229408e+02 2.187116112762831108e+04 
8.19677000e+02 8.37817274e-03 7.243211030798592219e+03 1.700352968987784834e+02 2.226274007499673098e+04 
4.23832000e+02 3.92075738e-03 7.434001658578065872e+03 1.733719917231665875e+02 1.521431902236515452e+04 
4.77657000e+02 4.14797946e-03 8.083303341476466812e+03 1.877195074250942639e+02 1.560589796973357443e+04 
4.52633000e+02 5.00979230e-03 7.670346573082533723e+03 1.551038662121945890e+02 1.599747691710199615e+04 
5.09108000e+02 5.23978655e-03 8.301370079630696637e+03 1.685998031576405936e+02 1.638905586447041787e+04 
5.28065000e+02 5.17372948e-03 8.185251337550180324e+03 1.765336515346568262e+02 1.678063481183883778e+04 
5.40238000e+02 4.82888176e-03 7.857960339726142593e+03 1.901192233668185168e+02 1.717221375920725768e+04 
6.00502000e+02 5.52108995e-03 8.532198705971233721e+03 1.890645191762598074e+02 1.756379270657568122e+04 
5.35970000e+02 5.03899408e-03 7.208279308587654668e+03 1.827471715786932123e+02 1.795537165394410113e+04 
6.77535000e+02 8.30767487e-03 8.821791132262276733e+03 1.417405600566732176e+02 1.834695060131252103e+04 
7.21005000e+02 7.82183819e-03 8.995264816472801613e+03 1.602108418779116619e+02 1.873852954868094457e+04 
7.26819000e+02 6.81618920e-03 8.697438473886642896e+03 1.853453890310582608e+02 1.913010849604936448e+04 
8.12870000e+02 8.39991820e-03 9.342212184893855010e+03 1.681859705736573574e+02 1.952168744341778438e+04 
8.30318000e+02 8.00676505e-03 9.168738500683328311e+03 1.802377529399670379e+02 1.991326639078620792e+04 
9.05189000e+02 1.05539247e-02 9.625664789626338461e+03 1.490316786449039625e+02 2.030484533815462783e+04 
9.30965000e+02 8.54235530e-03 9.515685869104381709e+03 1.894070232052362996e+02 2.069642428552304773e+04 
6.78838000e+02 6.10005166e-03 6.605089624834824463e+03 1.934393343785878585e+02 2.121746948575775241e+04 
7.24154000e+02 8.96966863e-03 6.797461863865970372e+03 1.403050663155353277e+02 2.160904843312617595e+04 
7.70624000e+02 7.01089711e-03 6.970935548076496161e+03 1.910562022494823964e+02 2.200062738049459585e+04 
4.18229000e+02 3.32600486e-03 7.215934920423835138e+03 1.912563495303574257e+02 1.495220632786301576e+04 
4.55544000e+02 3.85432029e-03 7.809588666722731432e+03 1.885055787200168993e+02 1.534378527523143748e+04 
5.45468000e+02 4.79530950e-03 9.431412589127701722e+03 1.929438653104994614e+02 1.573536422259985738e+04 
4.85448000e+02 4.59221002e-03 7.909829657265940114e+03 1.773264154870092000e+02 1.612694316996827911e+04 
4.61112000e+02 3.72618770e-03 6.750344763241188048e+03 1.952909699877328080e+02 1.651852211733669901e+04 
5.38812000e+02 4.66860581e-03 8.011777653339654535e+03 1.943851213610196567e+02 1.691010106470512255e+04 
5.30749000e+02 5.58651095e-03 7.776105521835451327e+03 1.651445975364825927e+02 1.730168001207354246e+04 
6.01557000e+02 5.48392943e-03 8.422595098061339741e+03 1.906810199557094450e+02 1.769325895944196236e+04 
6.74504000e+02 6.15550397e-03 9.033721203782191878e+03 1.904722872648261784e+02 1.808483790681038590e+04 
7.45579000e+02 7.37679326e-03 9.564806894939272752e+03 1.756734873681669171e+02 1.847641685417880581e+04 
7.41176000e+02 6.69981128e-03 9.116489834903444716e+03 1.922909362831861415e+02 1.886799580154722571e+04 
6.76847000e+02 6.40188698e-03 7.992879098519034414e+03 1.837745950452301713e+02 1.925957474891564925e+04 
8.70014000e+02 7.79420607e-03 9.862633237525435106e+03 1.940091293700893402e+02 1.965115369628406916e+04 
8.95607000e+02 1.10399225e-02 9.778359957548753300e+03 1.409564977911419703e+02 2.004273264365248906e+04 
9.13121000e+02 8.15559849e-03 9.573040811234390276e+03 1.945930443547455297e+02 2.043431159102090896e+04 
9.64365000e+02 1.05863706e-02 9.746514495444916975e+03 1.582876444194500891e+02 2.082589053838933251e+04 
8.17497000e+02 7.21372471e-03 7.562882288844887626e+03 1.969761764838509919e+02 2.175322117817371691e+04 
1.02174000e+03 9.40702957e-03 9.124145446739625186e+03 1.887540941779229797e+02 2.214480012554214045e+04 
4.08521000e+02 3.50482885e-03 7.034805624377128879e+03 1.804456759336928826e+02 1.509637907291056035e+04 
4.13955000e+02 4.25714093e-03 7.176254694390859186e+03 1.598100809239919329e+02 1.548795802027898208e+04 
4.56365000e+02 3.77779672e-03 7.260527974367539173e+03 1.914737839080618187e+02 1.587953696764740198e+04 
4.64811000e+02 3.97588128e-03 7.149925520450954536e+03 1.882172857772064845e+02 1.627111591501582370e+04 
4.89060000e+02 5.75651818e-03 7.728700361219233855e+03 1.476771181036606322e+02 1.666269486238424361e+04 
5.93345000e+02 5.28898251e-03 8.943016150692918018e+03 1.950106260133250089e+02 1.705427380975266715e+04 
5.71117000e+02 4.90230635e-03 8.075647729640286343e+03 1.987153440818866557e+02 1.744585275712108705e+04 
5.93513000e+02 5.37226435e-03 8.177017421255062800e+03 1.920424208252800611e+02 1.783743170448950696e+04 
7.06722000e+02 6.26318993e-03 9.314265097215449714e+03 1.961382033867861310e+02 1.822901065185793050e+04 
6.80438000e+02 6.02685000e-03 8.596068782271864620e+03 1.962514180409253584e+02 1.862058959922635040e+04 
7.23835000e+02 6.73402901e-03 8.769542466482391319e+03 1.868366940834105776e+02 1.901216854659477031e+04 
6.79234000e+02 6.22836513e-03 7.902174045429760554e+03 1.895631084951001526e+02 1.940374749396319385e+04 
7.95236000e+02 7.02946652e-03 8.884662362556216976e+03 1.966367927056264762e+02 1.979532644133161375e+04 
7.23302000e+02 9.21849224e-03 7.780949026999118360e+03 1.363543916262889297e+02 2.018690538870003365e+04 
8.34953000e+02 1.00481339e-02 8.643473942888082092e+03 1.443945888202526930e+02 2.057848433606845356e+04 
9.67624000e+02 9.28889725e-03 9.636910887535022994e+03 1.810311335555708752e+02 2.097006328343687710e+04 
9.81526000e+02 9.17714660e-03 9.419223497620880153e+03 1.858701810999731379e+02 2.136164223080529700e+04 
7.61687000e+02 6.64924989e-03 6.735263416572292954e+03 1.991161050358063846e+02 2.225180692013699809e+04 
4.20531000e+02 3.12114399e-03 6.868987552002782650e+03 2.004313821050090212e+02 1.520338586750541799e+04 
4.92142000e+02 5.47028219e-03 8.879146074392287119e+03 1.563857068298380568e+02 1.559496481487383971e+04 
4.58991000e+02 3.55433788e-03 7.069737346588065520e+03 2.007297496826079737e+02 1.598654376224226144e+04 
4.89691000e+02 3.97357972e-03 7.429158153414398839e+03 1.983300337408837493e+02 1.637812270961068134e+04 
5.18925000e+02 4.26094438e-03 7.656596368623484523e+03 2.000175495210257566e+02 1.676970165697910488e+04 
5.52969000e+02 6.12520598e-03 8.232322406715298712e+03 1.569225152305545521e+02 1.716128060434752479e+04 
5.17189000e+02 4.28514228e-03 6.976451836240427838e+03 1.985474681185881423e+02 1.755285955171594469e+04 
6.00651000e+02 5.14823824e-03 8.123052890256503815e+03 2.014588055715459802e+02 1.794443849908436823e+04 
6.11026000e+02 6.67901816e-03 7.964660552714872210e+03 1.590167003083880672e+02 1.833601744645278814e+04 
7.52647000e+02 9.02884981e-03 9.405083415187797073e+03 1.448693318873354485e+02 1.872759639382120804e+04 
7.11133000e+02 8.13431062e-03 8.523964789676116197e+03 1.519430160978617721e+02 1.911917534118962794e+04 
7.66603000e+02 6.61983167e-03 8.816947627098608791e+03 2.012915462714989303e+02 1.951075428855805148e+04 
8.07240000e+02 9.48293689e-03 8.931770052784235304e+03 1.479314309255158548e+02 1.990233323592647139e+04 
8.62196000e+02 7.48645136e-03 9.163894995519662189e+03 2.001736348108896095e+02 2.029391218329489129e+04 
9.11868000e+02 9.70091839e-03 9.337368679730188887e+03 1.633469230292550947e+02 2.068549113066331483e+04 
9.63661000e+02 1.08943546e-02 9.510842363940713767e+03 1.536960981236282180e+02 2.107707007803173474e+04 
1.01956000e+03 8.91170282e-03 9.684316048151240466e+03 1.988278120929959414e+02 2.146864902540015464e+04 
1.07594000e+03 9.30328065e-03 9.857789732361767165e+03 2.009840625044631963e+02 2.186022797276857455e+04 
