#最大Miese应力(MPa)   最大Miese应变  密度kg/m^3  弹模GPa  转速r/min 
5.88065000e+02 5.95165168e-03 7.967980927272027657e+03 1.717512097089493182e+02 1.798597636495870393e+04 
6.10525000e+02 6.53242082e-03 8.147762745453846946e+03 1.624539800705947528e+02 1.812124909223143186e+04 
6.15532000e+02 6.61964724e-03 8.093068878690040037e+03 1.616267368725856386e+02 1.825652181950415979e+04 
6.22300000e+02 6.65396866e-03 8.061761337589934556e+03 1.625606805805294925e+02 1.839179454677688773e+04 
6.30404000e+02 6.33497453e-03 8.047261163490888066e+03 1.729730278907674972e+02 1.852706727404961566e+04 
6.29797000e+02 6.77899128e-03 7.923767313409284725e+03 1.614835251508173428e+02 1.866234000132233996e+04 
6.71701000e+02 6.87219755e-03 8.327544563635665327e+03 1.698915896714385951e+02 1.879761272859506789e+04 
6.91214000e+02 7.32892646e-03 8.447399109090210914e+03 1.639271615144537293e+02 1.893288545586779583e+04 
6.89021000e+02 7.24864065e-03 8.301470428499025729e+03 1.652179920033137535e+02 1.906815818314052376e+04 
7.15036000e+02 7.62499203e-03 8.493727168459994573e+03 1.629892312768279226e+02 1.920343091041325169e+04 
7.29469000e+02 7.67712138e-03 8.543842450226820802e+03 1.651489796962719083e+02 1.933870363768597599e+04 
5.92733000e+02 6.29066060e-03 7.948963595286670170e+03 1.637824987623476716e+02 1.807832161954603725e+04 
6.06649000e+02 6.30399682e-03 8.014308986641813135e+03 1.672730691892865025e+02 1.821359434681876519e+04 
6.35667000e+02 6.77031582e-03 8.272850696871857508e+03 1.631984824362220365e+02 1.834886707409149312e+04 
6.42862000e+02 6.86475733e-03 8.244206086590456835e+03 1.627743556396773954e+02 1.848413980136422106e+04 
6.48359000e+02 6.90773821e-03 8.194090804823630606e+03 1.631441896719571787e+02 1.861941252863694535e+04 
6.81508000e+02 7.32250479e-03 8.488309049832125311e+03 1.617674130950097435e+02 1.875468525590967329e+04 
6.66375000e+02 7.07947227e-03 8.181615883044480142e+03 1.636076146438319370e+02 1.888995798318240122e+04 
6.96390000e+02 7.47263259e-03 8.428381777104852517e+03 1.619766642544038575e+02 1.902523071045512916e+04 
6.88901000e+02 7.16734949e-03 8.220018787700262692e+03 1.670639872828118939e+02 1.916050343772785709e+04 
6.80348000e+02 6.92651937e-03 8.004496995681366570e+03 1.707294418282664310e+02 1.929577616500058139e+04 
6.28061000e+02 6.75742736e-03 8.548236322559398104e+03 1.615525374578592164e+02 1.794304889227330932e+04 
6.18015000e+02 6.59648866e-03 8.207690018181119740e+03 1.628485550544038176e+02 1.816493417972457610e+04 
6.09847000e+02 6.41312890e-03 7.980309696791171518e+03 1.652921914180401757e+02 1.830020690699730403e+04 
6.47458000e+02 6.93924619e-03 8.346897527127252033e+03 1.621767145555391778e+02 1.843547963427003197e+04 
6.38110000e+02 6.72630152e-03 8.107188436218160859e+03 1.648976164342311108e+02 1.857075236154275990e+04 
6.57622000e+02 6.95431725e-03 8.233942815439222613e+03 1.643660078537753577e+02 1.870602508881548783e+04 
6.76084000e+02 7.09441485e-03 8.343258222500193369e+03 1.656421187998583946e+02 1.884129781608821213e+04 
6.81175000e+02 7.33832932e-03 8.286970254399979240e+03 1.613388623987113135e+02 1.897657054336094006e+04 
6.72369000e+02 7.12622215e-03 8.064424268408639364e+03 1.639961738214955744e+02 1.911184327063366800e+04 
6.95760000e+02 7.19703516e-03 8.227042981672706446e+03 1.680314623992298948e+02 1.924711599790639593e+04 
6.19753000e+02 6.24059163e-03 8.481252246680844110e+03 1.726231005089492498e+02 1.789438872517912387e+04 
6.32565000e+02 6.71763532e-03 8.526679345309070413e+03 1.636757982524129318e+02 1.802966145245184816e+04 
6.08900000e+02 6.14158371e-03 7.934306451802858646e+03 1.723352260350749532e+02 1.833894886712717926e+04 
6.28897000e+02 6.59588727e-03 8.074236259369085928e+03 1.657317026046973467e+02 1.847422159439990719e+04 
6.30170000e+02 6.46969429e-03 7.973214333235494450e+03 1.693075733453129317e+02 1.860949432167263512e+04 
6.54991000e+02 6.86488729e-03 8.167115708945433653e+03 1.658421691009937149e+02 1.874476704894536306e+04 
6.53556000e+02 6.98185704e-03 8.033141605962767244e+03 1.627053433326355218e+02 1.888003977621808735e+04 
6.80286000e+02 6.88109815e-03 8.241543155771752936e+03 1.718407935137882419e+02 1.901531250349081529e+04 
6.95219000e+02 7.34928907e-03 8.304133359317729628e+03 1.644203006180402156e+02 1.915058523076354322e+04 
7.10240000e+02 7.28753512e-03 8.364060632045002421e+03 1.693971571501518838e+02 1.928585795803627116e+04 
6.13611000e+02 6.42321869e-03 8.361397701226298523e+03 1.660512510074682950e+02 1.793313068530899909e+04 
6.32113000e+02 6.52902580e-03 8.483915177499548008e+03 1.682858054646300729e+02 1.806840341258172703e+04 
6.39265000e+02 6.71668087e-03 8.452632515053675888e+03 1.654328676404642806e+02 1.820367613985445132e+04 
6.18354000e+02 6.46044183e-03 7.944569722954093777e+03 1.663707978780900874e+02 1.846821060978487003e+04 
6.32585000e+02 6.58600318e-03 8.008890868013942963e+03 1.669535207865155257e+02 1.860348333705759796e+04 
6.51149000e+02 6.65368876e-03 8.124351541135912157e+03 1.701052647305864696e+02 1.873875606433032226e+04 
6.88513000e+02 7.19015244e-03 8.466752072581797620e+03 1.664398101851319325e+02 1.887402879160305019e+04 
6.68127000e+02 6.99082310e-03 8.100164242245717105e+03 1.661194346160492898e+02 1.900930151887577813e+04 
7.01790000e+02 7.31012221e-03 8.387471836362938120e+03 1.668639369816765736e+02 1.914457424614850606e+04 
7.14586000e+02 7.64846904e-03 8.421324973953571316e+03 1.623857964620137579e+02 1.927984697342123400e+04 
6.07198000e+02 6.34941517e-03 8.279946060427535485e+03 1.662261351259840296e+02 1.792711970069396193e+04 
6.27933000e+02 6.64674175e-03 8.433799895732721779e+03 1.642110494586461016e+02 1.806239242796668623e+04 
6.23363000e+02 6.56669092e-03 8.248599958923034137e+03 1.650043169441658506e+02 1.819766515523941416e+04 
6.55233000e+02 6.78421359e-03 8.541179519408116903e+03 1.678765040041006671e+02 1.833293788251214210e+04 
6.60074000e+02 7.02151222e-03 8.399800605882081072e+03 1.633985327373573568e+02 1.855489677806127293e+04 
6.58952000e+02 6.81061482e-03 8.264273047249420415e+03 1.681753389683337048e+02 1.869016950533400086e+04 
6.50384000e+02 6.61083064e-03 8.040236969518444312e+03 1.710067073433220344e+02 1.882544223260672516e+04 
6.86796000e+02 7.08194067e-03 8.368454504377579724e+03 1.685630709796856763e+02 1.896071495987945309e+04 
6.79216000e+02 7.29091046e-03 8.160091514972989899e+03 1.619223714901389997e+02 1.909598768715218102e+04 
6.86759000e+02 7.05916027e-03 8.134163532096358722e+03 1.690983221859188461e+02 1.923126041442490896e+04 
6.12928000e+02 6.36255579e-03 8.403185495227466163e+03 1.674479533078022371e+02 1.787853314169763689e+04 
6.17568000e+02 6.43522132e-03 8.339873333154808279e+03 1.668096442174117158e+02 1.801380586897036119e+04 
5.95246000e+02 6.14068667e-03 7.920382424063898725e+03 1.684948873711046815e+02 1.814907859624308912e+04 
6.45527000e+02 6.56408442e-03 8.459727878609353866e+03 1.709385237347410396e+02 1.828435132351581706e+04 
6.59233000e+02 6.88145832e-03 8.512559787780948682e+03 1.665140095998583547e+02 1.841962405078854499e+04 
6.39394000e+02 6.62584232e-03 7.954381713914540342e+03 1.677358277816765337e+02 1.876691547514248668e+04 
6.52555000e+02 6.80601698e-03 8.001834064862661762e+03 1.666546858222824881e+02 1.890218820241521462e+04 
6.69099000e+02 6.93945586e-03 8.087835472726574153e+03 1.675926160599082664e+02 1.903746092968794255e+04 
6.87160000e+02 7.07515935e-03 8.188672686195761344e+03 1.688144342417264454e+02 1.917273365696066685e+04 
6.91172000e+02 7.25501921e-03 8.121688610317207349e+03 1.655878260355935367e+02 1.930800638423339478e+04 
6.09367000e+02 6.23857422e-03 8.283330949772920576e+03 1.697848891615038553e+02 1.795527911150612272e+04 
6.20518000e+02 6.36307431e-03 8.308527231650306931e+03 1.695076236464482520e+02 1.809055183877885065e+04 
6.34851000e+02 6.38736438e-03 8.373872623005448986e+03 1.727637767313733832e+02 1.822582456605157859e+04 
6.48214000e+02 6.62638513e-03 8.423987904772275215e+03 1.700362524235446244e+02 1.836109729332430288e+04 
6.64371000e+02 6.72582012e-03 8.507326381817483707e+03 1.716969169446844603e+02 1.849637002059703082e+04 
6.77823000e+02 6.96098186e-03 8.553654441187267366e+03 1.692532805810481022e+02 1.863164274786975875e+04 
6.38963000e+02 6.74665870e-03 7.913287060508221657e+03 1.646203509191755359e+02 1.880942599933784368e+04 
6.49403000e+02 6.62747614e-03 7.927406618036342479e+03 1.703201403677370251e+02 1.894469872661057161e+04 
7.08389000e+02 7.14908715e-03 8.523040040682011750e+03 1.722285255251402134e+02 1.907997145388329955e+04 
7.11813000e+02 7.21237784e-03 8.444054865431238795e+03 1.715419585495552042e+02 1.921524418115602384e+04 
5.88506000e+02 6.00068505e-03 8.084491229067601125e+03 1.704750987628662813e+02 1.786251690842875178e+04 
6.07042000e+02 6.21726578e-03 8.212923424144584715e+03 1.697167055529228605e+02 1.799778963570147971e+04 
6.19342000e+02 6.19263501e-03 8.254018077550903399e+03 1.738449186907674289e+02 1.813306236297420764e+04 
6.34664000e+02 6.72373563e-03 8.332777969599130302e+03 1.640703732362219966e+02 1.826833509024693558e+04 
6.30197000e+02 6.53345227e-03 8.152996151417312831e+03 1.676616283669501115e+02 1.840360781751965987e+04 
6.72112000e+02 7.08751298e-03 8.567253654544756500e+03 1.648294328256501160e+02 1.853888054479238781e+04 
6.45836000e+02 6.55236511e-03 8.114088269984677027e+03 1.713270829124046486e+02 1.867415327206511574e+04 
6.60493000e+02 6.79491995e-03 7.964636683613055538e+03 1.689576459634947128e+02 1.906060928361905462e+04 
6.75004000e+02 6.80241266e-03 8.024563956340328332e+03 1.724798887871809825e+02 1.919588201089178256e+04 
7.05359000e+02 7.15289809e-03 8.267617290908392533e+03 1.714012823271310708e+02 1.933115473816451049e+04 
5.89523000e+02 6.32282504e-03 7.994233724530131440e+03 1.620662480592428096e+02 1.797842746543723842e+04 
6.28444000e+02 6.47636961e-03 8.392705242326403095e+03 1.686697714896204161e+02 1.811370019270996636e+04 
6.10059000e+02 6.23120291e-03 8.027908199999300450e+03 1.701794641453128918e+02 1.824897291998269429e+04 
6.26989000e+02 6.48382197e-03 8.128745413468488550e+03 1.680857551634947527e+02 1.838424564725541859e+04 
6.56362000e+02 6.66743180e-03 8.384127592703966002e+03 1.711134078532567742e+02 1.851951837452814652e+04 
6.72298000e+02 6.91938091e-03 8.463112767954738956e+03 1.688834465487682905e+02 1.865479110180087446e+04 
6.85402000e+02 7.11915304e-03 8.503982138158511589e+03 1.673412527978674689e+02 1.879006382907360239e+04 
7.00266000e+02 7.13756695e-03 8.563909410885784382e+03 1.705293915271311107e+02 1.892533655634633033e+04 
6.72214000e+02 6.73643589e-03 8.068818140741215757e+03 1.734503437069583924e+02 1.910362833543181478e+04 
6.74518000e+02 7.17997008e-03 7.983694586136557518e+03 1.632880662410609887e+02 1.923890106270454271e+04 
5.87081000e+02 6.20313472e-03 8.043621858863830312e+03 1.645098844228791677e+02 1.788617378997727064e+04 
6.00499000e+02 6.06302798e-03 8.103549131591103105e+03 1.721603419165592186e+02 1.802144651724999494e+04 
6.14921000e+02 6.26465119e-03 8.174015542711949820e+03 1.706189753319700628e+02 1.815671924452272287e+04 
6.27948000e+02 6.34779259e-03 8.223403677045647783e+03 1.719512600100846385e+02 1.829199197179545081e+04 
6.56785000e+02 6.59240530e-03 8.473651906348313787e+03 1.731730781919028175e+02 1.842726469906817874e+04 
6.53886000e+02 6.63667369e-03 8.313945350278176193e+03 1.712580706053628035e+02 1.856253742634090668e+04 
6.70928000e+02 6.72618646e-03 8.406824799854524827e+03 1.733821600983773976e+02 1.869781015361363097e+04 
6.64253000e+02 6.69143655e-03 8.204345774522147622e+03 1.725489010942228276e+02 1.883308288088635891e+04 
6.72211000e+02 6.73225105e-03 8.184278813863184041e+03 1.735570442168931322e+02 1.896835560815908684e+04 
6.72711000e+02 6.69427435e-03 7.941906792135388969e+03 1.746721618887765715e+02 1.926269086538906777e+04 
5.96056000e+02 5.94485668e-03 8.144418501794873919e+03 1.742844298774246283e+02 1.790996359266179206e+04 
5.98401000e+02 5.97314332e-03 8.054160997257404233e+03 1.741405533083208184e+02 1.804523631993452000e+04 
6.42731000e+02 6.41351406e-03 8.519655151336626659e+03 1.741948460725856762e+02 1.818050904720724793e+04 
6.24983000e+02 6.28246788e-03 8.163476404318375899e+03 1.729187351265026393e+02 1.831578177447997587e+04 
6.20542000e+02 6.20974607e-03 7.987333890763615273e+03 1.737017069689991615e+02 1.845105450175270380e+04 
6.53989000e+02 6.51837323e-03 8.293870088166495407e+03 1.743948963737209965e+02 1.858632722902543173e+04 
6.68384000e+02 6.71304934e-03 8.353797360893768200e+03 1.730626116956064493e+02 1.872159995629815603e+04 
6.82996000e+02 6.79922134e-03 8.413724633621040994e+03 1.746039782801955766e+02 1.885687268357088396e+04 
6.85462000e+02 6.85645727e-03 8.324200319976693208e+03 1.737707192760410067e+02 1.899214541084361190e+04 
7.12820000e+02 7.12118712e-03 8.533579179075586580e+03 1.739855949131915622e+02 1.912741813811633983e+04 
