#      密度kg/m3                 弹模GPa                 转速r/min         
7.920963364154434203e+03 1.636866158238170215e+02 1.790771258587971897e+04
7.971620555298291038e+03 1.676836934171798248e+02 1.804298531315244691e+04
8.068974635804336685e+03 1.617470814208490708e+02 1.817825804042517484e+04
8.428538272167974355e+03 1.632912569171051871e+02 1.831353076769790277e+04
8.322355464837954059e+03 1.623481829106414125e+02 1.844880349497062707e+04
8.351436080230178050e+03 1.618531639587479560e+02 1.858407622224335501e+04
8.262428192110681266e+03 1.613063678970790420e+02 1.871934894951608294e+04
8.344340460678127783e+03 1.671116153672130906e+02 1.885462167678881087e+04
8.160672455063525376e+03 1.615746025080889297e+02 1.898989440406153881e+04
8.472654686139481782e+03 1.695552517308494487e+02 1.912516713133426674e+04
8.088366048847821730e+03 1.617192704795384941e+02 1.926043985860699104e+04
7.962791828474316389e+03 1.688262786513393223e+02 1.809582494812326695e+04
8.022719101201589183e+03 1.733445465470050522e+02 1.823109767539599488e+04
7.933309231594025732e+03 1.629410886613566731e+02 1.836637040266872282e+04
8.127245792959464779e+03 1.661302521874533795e+02 1.850164312994145075e+04
8.067318520232191986e+03 1.642968003223843141e+02 1.863691585721417505e+04
8.113091049775844112e+03 1.725709661444525409e+02 1.877218858448690298e+04
8.477857782045950444e+03 1.732207062763039858e+02 1.890746131175963092e+04
8.562064555747045233e+03 1.657348932807415736e+02 1.904273403903235885e+04
8.471290625684723636e+03 1.620694387352870081e+02 1.917800676630508678e+04
8.502137283019772440e+03 1.681447641812565337e+02 1.931327949357781108e+04
8.555990485326945418e+03 1.624647976419988424e+02 1.796055222085053902e+04
8.128901908531609479e+03 1.641907177844854289e+02 1.825771947919532613e+04
8.028438776120548937e+03 1.649084340056352005e+02 1.839299220646805406e+04
8.178221418409586477e+03 1.658897971853949116e+02 1.852826493374078200e+04
8.173018322503116906e+03 1.676044604695211433e+02 1.866353766101350629e+04
8.196426848963308657e+03 1.634461608217585535e+02 1.879881038828623423e+04
8.268147867029640111e+03 1.718439841898324687e+02 1.893408311555896216e+04
8.292872867957663402e+03 1.637500042607154001e+02 1.906935584283169010e+04
8.238148691136859270e+03 1.696790920015505151e+02 1.920462857010441803e+04
8.202500919383408473e+03 1.684572738197323076e+02 1.933990129737714597e+04
8.496063212599672624e+03 1.657011278176201756e+02 1.798717402464987026e+04
8.391111464389201501e+03 1.701273297808161828e+02 1.812244675192259820e+04
7.947463974777646399e+03 1.666343541481218153e+02 1.834548200837937475e+04
8.007391247504919193e+03 1.646679790035767326e+02 1.848075473565210268e+04
8.104631369769036610e+03 1.713491479626343619e+02 1.861602746292483062e+04
7.968511503393276143e+03 1.702998086935763524e+02 1.875130019019755855e+04
8.232945595230390609e+03 1.660136374560959496e+02 1.888657291747028285e+04
8.208220594302367317e+03 1.702719977522657757e+02 1.902184564474301078e+04
8.307027611141284069e+03 1.649718224425335791e+02 1.915711837201573871e+04
8.447929685211458491e+03 1.640182388717252877e+02 1.929239109928846665e+04
8.211329646207383121e+03 1.627964206899071087e+02 1.793966382656119458e+04
8.486809429323102449e+03 1.614953695604302197e+02 1.807493655383391888e+04
8.546736702050375243e+03 1.707770699126676277e+02 1.821020928110664681e+04
7.993236504321298526e+03 1.742538550903474288e+02 1.851535401705477852e+04
8.247100338414011276e+03 1.625281860788972210e+02 1.865062674432750646e+04
8.520236091427163046e+03 1.651608241058847568e+02 1.878589947160023439e+04
8.142573646656134770e+03 1.644793096358019682e+02 1.892117219887296233e+04
8.366954883868556863e+03 1.672354556379141286e+02 1.905644492614569026e+04
8.187173065686737573e+03 1.667404366860207006e+02 1.919171765341841456e+04
8.100745182336252583e+03 1.661936406243517581e+02 1.932699038069114249e+04
8.464195006132673370e+03 1.718102187267110708e+02 1.797426310796387043e+04
8.053163777048571319e+03 1.664618752353616458e+02 1.810953583523659836e+04
8.368610999440701562e+03 1.674154588061699371e+02 1.824480856250932629e+04
8.411363352957450843e+03 1.666065432068112102e+02 1.838008128978205059e+04
7.938512327500495303e+03 1.654125359663036363e+02 1.859582107465358786e+04
8.442210010292499646e+03 1.685738885510897376e+02 1.873109380192631579e+04
8.044704097041763816e+03 1.629688996026672498e+02 1.886636652919904373e+04
8.118294145682313683e+03 1.679622548678388796e+02 1.900163925647177166e+04
8.271256918934655914e+03 1.735245497152608323e+02 1.913691198374449959e+04
8.388002412484185697e+03 1.722393430965443031e+02 1.927218471101722389e+04
8.298075963864132063e+03 1.678561723299399944e+02 1.791945743828995182e+04
8.358003236591404857e+03 1.645130750989233945e+02 1.805473016556267976e+04
8.507856957938731284e+03 1.641629068431748522e+02 1.819000289283540769e+04
8.148293321575094524e+03 1.681785296443779316e+02 1.832527562010813563e+04
8.537785054773223237e+03 1.678283613886293892e+02 1.846054834738086356e+04
7.911693282571018244e+03 1.721227283651868731e+02 1.867055566652725611e+04
8.016645030781490277e+03 1.683334335490312696e+02 1.880582839379998404e+04
8.031547828025563831e+03 1.669229459994383546e+02 1.894110112107271198e+04
8.151402373480109418e+03 1.742876205534688268e+02 1.907637384834543627e+04
8.404267733405400577e+03 1.647918192742777705e+02 1.921164657561816421e+04
8.136499576236035864e+03 1.691840730496570586e+02 1.785891930289089214e+04
8.280527000518071873e+03 1.686372769879881162e+02 1.799419203016362007e+04
8.331184191661928708e+03 1.653847250249930312e+02 1.812946475743634801e+04
8.567784230666004078e+03 1.727156341159021338e+02 1.826473748470907594e+04
8.451038737116474294e+03 1.669567114625597526e+02 1.840001021198180024e+04
8.308683726713428769e+03 1.689055115989980038e+02 1.853528293925452817e+04
7.924849551587218230e+03 1.693665823630747127e+02 1.882675357795672244e+04
8.091475100752836624e+03 1.655186185042025215e+02 1.896202630522945037e+04
8.040817909608979789e+03 1.710175249147260956e+02 1.909729903250217831e+04
8.328075139756912904e+03 1.705884005448928917e+02 1.923257175977490260e+04
7.984776824314491023e+03 1.709009101833686941e+02 1.787984448704763054e+04
8.220599727790799079e+03 1.652400570535434667e+02 1.801511721432035847e+04
8.284413187950854990e+03 1.698590951698062952e+02 1.815038994159308641e+04
8.340454273245344666e+03 1.714938159340839547e+02 1.828566266886581434e+04
8.076572303508763071e+03 1.700480968331575014e+02 1.842093539613854227e+04
8.460308818699890253e+03 1.706221660080142897e+02 1.855620812341126657e+04
8.488465544895247149e+03 1.690501795704475683e+02 1.869148085068399450e+04
7.949120090349791099e+03 1.715216268753945315e+02 1.897079852443451819e+04
7.980890636881706996e+03 1.635700010924595915e+02 1.910607125170724612e+04
8.058366872955040890e+03 1.697957067329079166e+02 1.924134397897997405e+04
8.412727413412208989e+03 1.663826422877029358e+02 1.788861670625270199e+04
8.164558642496309403e+03 1.704058912314752376e+02 1.802388943352542992e+04
8.224485915223582197e+03 1.739652632390308895e+02 1.815916216079815422e+04
8.256354121690581451e+03 1.639390059240665778e+02 1.829443488807088215e+04
8.291508807502905256e+03 1.694003478261961106e+02 1.842970761534361009e+04
8.400381545972617459e+03 1.630749821405661351e+02 1.856498034261633802e+04
7.991872443866541289e+03 1.673520703692715585e+02 1.870025306988906596e+04
8.524122278859946164e+03 1.712699150149756804e+02 1.883552579716179389e+04
7.956717758054217484e+03 1.622243426399403745e+02 1.916085669114703705e+04
8.009047363077063892e+03 1.728495275951115957e+02 1.929612941841976499e+04
8.436135939872399831e+03 1.744425244581221648e+02 1.794340214569249292e+04
8.111726989321086876e+03 1.746829794601806611e+02 1.807867487296521722e+04
8.188829181258882272e+03 1.719988880944858067e+02 1.821394760023794515e+04
8.248756453986155975e+03 1.716277094132934167e+02 1.834922032751067309e+04
8.510966009843747088e+03 1.730320369085292498e+02 1.848449305478340102e+04
8.426882156595829656e+03 1.710809133516244742e+02 1.861976578205612896e+04
8.532581958866754576e+03 1.632574914539837891e+02 1.875503850932885325e+04
8.316281394417854244e+03 1.727434450572127105e+02 1.889031123660158119e+04
8.548392817622519942e+03 1.690779905117581734e+02 1.902558396387430912e+04
7.931945171139268496e+03 1.737927843262707484e+02 1.925736079010474714e+04
8.082646373928861976e+03 1.723027315334426532e+02 1.790463351737747507e+04
8.051799716593814082e+03 1.730658023716506477e+02 1.803990624465020301e+04
7.998439600227768096e+03 1.620356732721656101e+02 1.817517897192293094e+04
8.171654262048359669e+03 1.724917331967938594e+02 1.831045169919565888e+04
8.376208667145127038e+03 1.740713457769297747e+02 1.844572442646838317e+04
8.231581534775632463e+03 1.737135513786120384e+02 1.858099715374111111e+04
8.352800140684936196e+03 1.734611612783624821e+02 1.871626988101383904e+04
8.417930509318677650e+03 1.745663647288232312e+02 1.885154260828656697e+04
8.382282737565226853e+03 1.627171877422483988e+02 1.898681533555929491e+04
8.531217898411996430e+03 1.739374522977203128e+02 1.912208806283202284e+04
